    1  2
    1  4
    1  7
    2  3
    2 10
    3  5
    3 13
    4  5
    4  6
    5 16
    6  8
    6 18
    7  8
    7  9
    8 21
    9 11
    9 23
   10 11
   10 12
   11 25
   12 14
   12 27
   13 14
   13 15
   14 29
   15 17
   15 31
   16 17
   16 19
   17 34
   18 19
   18 20
   19 35
   20 22
   20 37
   21 22
   21 24
   22 39
   23 24
   23 26
   24 41
   25 26
   25 28
   26 43
   27 28
   27 30
   28 45
   29 30
   29 32
   30 46
   31 32
   31 33
   32 48
   33 36
   33 49
   34 35
   34 36
   35 38
   36 52
   37 38
   37 40
   38 53
   39 40
   39 42
   40 54
   41 42
   41 44
   42 56
   43 44
   43 47
   44 57
   45 46
   45 47
   46 50
   47 60
   48 49
   48 50
   49 51
   50 61
   51 55
   51 62
   52 53
   52 55
   53 54
   54 58
   55 59
   56 57
   56 58
   57 63
   58 59
   59 64
   60 61
   60 63
   61 62
   62 64
   63 64
