    1  2
    1  4
    1  7
    2  3
    2 10
    3  5
    3 12
    4  5
    4  6
    5 15
    6  8
    6 17
    7  8
    7  9
    8 20
    9 11
    9 22
   10 11
   10 13
   11 24
   12 13
   12 14
   13 26
   14 16
   14 28
   15 16
   15 18
   16 31
   17 18
   17 19
   18 33
   19 21
   19 35
   20 21
   20 23
   21 37
   22 23
   22 25
   23 39
   24 25
   24 27
   25 41
   26 27
   26 29
   27 43
   28 29
   28 30
   29 45
   30 32
   30 46
   31 32
   31 34
   32 48
   33 34
   33 36
   34 50
   35 36
   35 38
   36 52
   37 38
   37 40
   38 53
   39 40
   39 42
   40 55
   41 42
   41 44
   42 56
   43 44
   43 47
   44 59
   45 46
   45 47
   46 49
   47 60
   48 49
   48 51
   49 61
   50 51
   50 54
   51 62
   52 53
   52 54
   53 57
   54 58
   55 56
   55 57
   56 63
   57 58
   58 64
   59 60
   59 63
   60 61
   61 62
   62 64
   63 64
