    1  2
    1  4
    1  7
    2  3
    2 10
    3  5
    3 12
    4  5
    4  6
    5 15
    6  8
    6 17
    7  8
    7  9
    8 19
    9 11
    9 21
   10 11
   10 13
   11 23
   12 13
   12 14
   13 25
   14 16
   14 27
   15 16
   15 18
   16 30
   17 18
   17 20
   18 31
   19 20
   19 22
   20 33
   21 22
   21 24
   22 35
   23 24
   23 26
   24 37
   25 26
   25 28
   26 39
   27 28
   27 29
   28 41
   29 32
   29 43
   30 31
   30 32
   31 34
   32 46
   33 34
   33 36
   34 47
   35 36
   35 38
   36 49
   37 38
   37 40
   38 52
   39 40
   39 42
   40 54
   41 42
   41 44
   42 55
   43 44
   43 45
   44 57
   45 48
   45 58
   46 47
   46 48
   47 50
   48 51
   49 50
   49 53
   50 51
   51 60
   52 53
   52 56
   53 61
   54 55
   54 56
   55 59
   56 62
   57 58
   57 59
   58 63
   59 64
   60 61
   60 63
   61 62
   62 64
   63 64
