64   

C 4.79602564 0.74173306 0.06685446
C 4.26410166 1.04082177 1.32566791
C 3.88839253 -0.20675112 2.01196764
C 4.79636340 -0.73983874 -0.06354059
C 4.17384771 -1.30069013 1.12690248
C 4.26542761 -1.03913743 -1.32272125
C 4.17411112 1.30233859 -1.12401855
C 3.88969986 0.20828703 -2.00928059
C 3.16843981 2.29336655 -0.97394678
C 3.19152958 1.98756556 1.49638195
C 2.75011232 2.70542031 0.36760898
C 2.60053479 -0.02226773 2.57931635
C 2.18793714 1.36101132 2.36740481
C 1.59978196 -1.06090404 2.51867456
C 3.16867192 -2.29211528 0.97613589
C 1.96438816 -2.23650524 1.77653727
C 3.19334788 -1.98630491 -1.49417632
C 2.75143436 -2.70433420 -0.36570854
C 2.60230741 0.02329497 -2.57751904
C 2.19011000 -1.36014699 -2.36589245
C 1.96473148 2.23728099 -1.77518013
C 1.60110271 1.06153598 -2.51756907
C 1.36223467 3.08343584 0.30808906
C 0.91631431 2.91892555 -1.04382563
C 0.82751016 1.70201748 2.30683419
C 0.44689713 2.75426423 1.35952941
C 0.19256524 -0.69521202 2.65631943
C -0.19440060 0.69488971 2.65627020
C -0.82910380 -1.70229737 2.30605540
C 0.91674590 -2.91856376 1.04445868
C 1.36366526 -3.08289791 -0.30714758
C -0.44783623 -2.75442927 1.35888620
C 0.82977623 -1.70169041 -2.30626181
C 0.44892439 -2.75408759 -1.35922009
C 0.19412596 0.69528829 -2.65618610
C -0.19229061 -0.69496616 -2.65640382
C -0.44798531 2.75425233 -1.35919582
C -0.82818259 1.70197009 -2.30662811
C -0.91746743 2.91843695 1.04417918
C -1.36345277 3.08293503 -0.30771556
C -1.60152189 1.06059858 2.51769762
C -1.96561524 2.23628986 1.77545119
C -2.18957232 -1.36129841 2.36572753
C -2.60231634 0.02195495 2.57752189
C -3.19256274 -1.98774690 1.49393554
C -1.36244717 -3.08347334 0.30677387
C -0.91559281 -2.91879902 -1.04481247
C -2.75036563 -2.70546481 0.36538078
C -1.59936280 -1.06123054 -2.51880322
C -1.96350443 -2.23706555 -1.77680833
C -3.16776604 -2.29324815 -0.97641362
C -2.18847481 1.36043405 -2.36723997
C -2.60052587 -0.02298221 -2.57931902
C -2.75118107 2.70437864 -0.36728122
C -3.16934570 2.29199713 0.97422467
C -3.19231470 1.98648630 -1.49614117
C -3.88978180 0.20650731 2.00930589
C -4.26501660 -1.04098228 1.32259533
C -4.17462539 1.30055373 1.12417643
C -4.17333342 -1.30220191 -1.12705999
C -3.88831059 -0.20804304 -2.01199263
C -4.26451264 1.03929817 -1.32554177
C -4.79607064 -0.74174076 0.06345098
C -4.79631834 0.73984685 -0.06676454
