64   

C -4.00488389 -0.05742269 0.46091444
C -3.64585632 1.19320365 -0.17434662
C -3.24395422 0.90461291 -1.52345718
C -3.84780512 -1.11230487 -0.46034289
C -3.35872669 -0.54463471 -1.69841619
C -3.13977498 -2.20398391 0.17483850
C -3.37141603 -0.45787919 1.69890857
C -2.83924370 -1.81075830 1.52389647
C -2.64028781 0.49870812 2.39563712
C -2.99280227 2.22057568 0.58772271
C -2.53582624 1.88216824 1.91902885
C -2.20771324 3.15721770 -0.16644358
C -2.18224759 1.64321352 -2.15802247
C -1.79319830 2.86185979 -1.53496512
C -1.17747337 0.89125870 -2.94872810
C -2.38065291 -1.24662952 -2.39527471
C -1.29331109 -0.53321620 -3.04665969
C -2.21575797 -2.99644520 -0.58734219
C -1.87743953 -2.53957297 -1.91870659
C -1.19166785 -3.66360117 0.16669541
C -1.60828178 -2.20784725 2.15829873
C -0.88103675 -3.26022120 1.53516599
C -1.39214377 0.13318968 3.04685809
C -0.86616897 -1.19568317 2.94887702
C -1.28713274 2.38192091 2.40692876
C -0.55144415 1.28977811 3.05197768
C -1.12587144 3.83252778 0.47114437
C -0.57133758 3.36706720 1.69832404
C -0.43480960 3.38746253 -1.69823223
C -0.04000343 3.99429838 -0.47103529
C 0.15157912 1.39459351 -3.05194482
C 0.53702307 2.65371125 -2.40685651
C 1.29286398 0.53323277 -3.04684669
C -0.15202701 -1.39457692 -3.05193010
C -0.53737629 -2.65369815 -2.40679203
C 1.17704063 -0.89124268 -2.94890583
C 0.03993430 -3.99429582 -0.47106286
C 0.43456036 -3.38745331 -1.69831444
C 0.57158682 -3.36707645 1.69822186
C 1.12594057 -3.83253034 0.47095827
C 0.55189205 -1.28979471 3.05188968
C 1.28748597 -2.38193398 2.40672683
C 0.86660172 1.19566712 2.94875630
C 1.39259089 -0.13320625 3.04665293
C 0.88126204 3.26021283 1.53505434
C 1.19169230 3.66360026 0.16654037
C 1.60859850 2.20783549 2.15807458
C 1.87715793 2.53958343 -1.91896841
C 2.38030140 1.24664258 -2.39561746
C 2.21567174 2.99644842 -0.58765118
C 3.35847742 0.54464396 -1.69890629
C 2.18193090 -1.64320181 -2.15835178
C 1.79297301 -2.86185146 -1.53524391
C 2.20768878 -3.15721678 -0.16678483
C 3.24373063 -0.90460463 -1.52393831
C 2.53610783 -1.88217866 1.91864633
C 2.64063933 -0.49872113 2.39524675
C 2.99288848 -2.22057885 0.58727129
C 3.64583069 -1.19320269 -0.17488831
C 2.83946729 1.81074999 1.52348948
C 3.13980059 2.20398296 0.17438956
C 3.84773752 1.11230738 -0.46090167
C 3.37166530 0.45786995 1.69841611
C 4.00495147 0.05742019 0.46032685
