64   

C -0.71771806 4.18614138 0.53185847
C 0.67496726 4.18324250 0.52795935
C 1.12836197 3.46633864 1.71278070
C -1.16469863 3.47360193 1.73587508
C -0.01466051 2.86665522 2.36048728
C -2.23952122 2.66141827 1.36247946
C -1.46738251 3.68039669 -0.59862673
C -2.50083204 2.83529736 -0.08607748
C -0.74685228 3.26696528 -1.76804077
C 1.42324953 3.67530435 -0.61197473
C 0.71414595 3.25664771 -1.74926497
C 2.20672542 2.64865571 1.33285586
C 2.46627729 2.80709050 -0.08988280
C 2.38811354 1.37712147 1.96852215
C -0.00913739 1.46448774 2.71175798
C 1.26196019 0.73049504 2.64028111
C -2.40933210 1.38749105 1.98051483
C -1.27077472 0.73196490 2.64080655
C -3.42590694 0.60099153 1.36267292
C -3.01635795 1.73673504 -0.83752525
C -3.70760636 0.73949191 -0.08588043
C -1.16920809 2.08721322 -2.46228800
C -2.33709884 1.34549827 -2.08004520
C 1.16974394 2.06679292 -2.48199496
C 0.01649131 1.40262638 -2.98182074
C 3.00977945 1.72525120 -0.85085908
C 2.34904323 1.33774322 -2.10628099
C 3.41102593 0.60042175 1.34721754
C 3.69411180 0.73084958 -0.09666361
C 3.55999709 -0.74026191 1.70911139
C 1.26188966 -0.72632311 2.72087303
C 2.48160900 -1.42868905 2.36228437
C -1.27092885 -0.72688374 2.71197682
C 0.00196039 -1.45775908 2.64049175
C -3.58871568 -0.73623635 1.73628032
C -2.48641520 -1.42608635 2.36091706
C -3.91972449 -0.57861567 -0.59822699
C -3.98069237 -1.48069886 0.53240147
C -2.39229125 -0.03695549 -2.46208687
C -3.20055217 -0.99440129 -1.76764211
C 0.01786264 -0.01057929 -3.19029245
C -1.20504159 -0.71882382 -2.98163064
C 2.41283842 -0.04156587 -2.48964631
C 1.24265567 -0.71580744 -2.99659375
C 3.92856923 -0.59669676 -0.61267850
C 3.99131758 -1.49627660 0.51492257
C 3.21715935 -1.01431136 -1.77522418
C 2.42752293 -2.70703186 1.70930987
C 3.29777011 -2.70067825 0.51503688
C 0.00801418 -2.75641387 1.96891018
C 1.19321180 -3.25130894 1.34760349
C -2.43128234 -2.71576609 1.71339191
C -3.27900011 -2.68369351 0.52861818
C -1.18280710 -3.23799510 1.33343862
C -2.45817099 -2.25276405 -1.74874293
C -1.20045175 -2.04956010 -2.48158909
C -2.46415708 -3.07604400 -0.61132333
C -1.18965343 -3.54223049 -0.08927349
C 1.24701899 -2.06625294 -2.48943871
C 2.49212572 -2.27344597 -1.77510031
C 2.48817287 -3.09819290 -0.61242998
C 1.22239617 -3.56183152 -0.09624961
C 0.02211120 -2.70347492 -2.10588833
C 0.01877222 -3.46927421 -0.85035391
