   -0.474113    0.358088
   -0.808398    0.262664
   -0.951057    0.309017
   -0.209572    0.568777
   -0.000000    0.850000
   -0.000000    1.000000
    0.081530    0.391360
   -0.104683    0.404255
   -0.587785   -0.809017
    0.587785   -0.809017
    0.951056    0.309017
   -0.499617   -0.687665
   -0.579607   -0.175603
   -0.351452   -0.046932
    0.016968   -0.576239
    0.079175   -0.276901
   -0.108045   -0.096630
    0.499618   -0.687664
   -0.171180    0.229478
   -0.350942    0.174597
   -0.044721    0.097929
    0.316221   -0.120888
    0.571734   -0.189199
    0.196946    0.554756
    0.457038    0.333406
    0.808398    0.262664
    0.316324    0.130204
    0.123896    0.201882
  
