   -0.499617   -0.687665
    0.499618   -0.687664
    0.168427   -0.533241
   -0.177158   -0.528495
   -0.592698   -0.192580
   -0.197781   -0.288407
   -0.370253   -0.120303
    0.171498   -0.300186
   -0.808398    0.262664
   -0.951057    0.309017
   -0.000000    1.000000
   -0.453965    0.323429
   -0.177170    0.530398
   -0.000000    0.850000
   -0.329528    0.117072
    0.808398    0.262664
    0.951056    0.309017
    0.577003   -0.193493
    0.353073    0.495693
    0.587785   -0.809017
   -0.587785   -0.809017
    0.183037    0.304738
   -0.037699    0.343658
   -0.007423   -0.197944
    0.013954    0.004532
   -0.122353    0.155774
    0.196620    0.063884
    0.327201   -0.138954
  
