    2.472621    4.168421
    1.779538    3.000000
   -2.079428    3.888392
    0.166070    2.556358
   -1.496558    2.798464
   -3.964168   -0.361901
   -2.853000   -0.260459
   -1.869683    1.122471
   -0.457962   -3.372253
    3.964168   -0.258994
    2.853000   -0.186397
   -0.329594   -2.427000
    0.546362   -1.267563
    1.481978   -0.608603
   -1.472120   -1.235745
    1.135007    1.034951
    2.175125    1.331679
    0.994842    0.199799
    0.266741    0.174335
   -0.016814   -0.512711
   -0.828673   -0.347846
    0.351050    1.446225
   -0.136739    0.775288
   -0.923224    0.548813

