    24

    C     1.112900    -1.927400     0.414940
    C     0.000190    -2.225740    -0.415460
    C     1.927330    -1.112420    -0.415230
    C    -0.000250    -1.419570    -1.584510
    C     1.229540    -0.709480    -1.584570
    C     2.226040    -0.000460     0.415940
    C     1.928140     1.111660    -0.415340
    C     1.229530     0.710560    -1.584760
    C     1.419380     0.000200     1.584650
    C     0.709560    -1.229780     1.584220
    C    -0.710490    -1.230190     1.584320
    C     0.710180     1.230470     1.584170
    C    -0.709880     1.229660     1.584460
    C    -1.419980    -0.000070     1.584290
    C     1.113910     1.927060     0.414470
    C    -1.927530    -1.113760    -0.415150
    C    -1.112650    -1.928230     0.414950
    C    -2.225100    -0.000440     0.414560
    C    -1.928520     1.113710    -0.414400
    C    -1.112000     1.927370     0.414870
    C     0.000850     2.226320    -0.414970
    C    -1.230150    -0.709760    -1.584280
    C    -1.230450     0.710260    -1.583330
    C    -0.000560     1.420030    -1.583870

