    2.452102    3.822325
    1.800495    2.806602
   -2.161493    4.085714
   -1.587110    3.000000
   -0.149055    1.543441
    0.063776    2.628622
    0.394254    0.962225
   -3.885514   -0.224434
   -1.957706    1.341388
   -2.853000   -0.164794
   -0.721036   -3.305343
    3.885514   -0.367309
    2.853000   -0.269702
   -0.529432   -2.427000
    0.527311   -1.441347
    1.515272   -0.811271
   -1.502281   -1.153197
    1.150834    0.750837
    2.119186    1.157784
    1.054551   -0.031276
    0.378646   -0.109773
    0.020534   -0.690680
   -0.888435    1.073696
   -0.595768    0.332506
   -0.725326   -0.445529
    0.049890    0.408770

