    28

    C    -1.448300     1.646060    -0.729330
    C    -0.143280     2.205040    -0.694530
    C     0.840340     1.598530    -1.519930
    C    -1.678240     0.491190    -1.523010
    C    -0.640720    -0.306310    -2.074500
    C     0.640270     0.306590    -2.074450
    C    -1.928430    -1.589790    -0.606220
    C    -2.487410    -0.285220    -0.651870
    C     1.928180     1.588460    -0.607240
    C     2.487600     0.283930    -0.648900
    C     1.677590    -0.490030    -1.521430
    C     1.448770     1.645980     0.728200
    C     0.143540     2.204500     0.696260
    C    -0.841290     1.597910     1.520080
    C     1.678320     0.491940     1.523200
    C     0.641130    -0.306080     2.074520
    C    -0.640200     0.306060     2.074400
    C     2.487240    -0.284880     0.652220
    C    -2.487230     0.284730     0.648740
    C    -1.927980     1.589270     0.606050
    C    -1.677990    -0.489930     1.521370
    C     0.840800    -1.597280     1.518290
    C     1.928410    -1.589460     0.605350
    C    -0.839860    -1.597490    -1.518020
    C     0.144070    -2.205950    -0.694540
    C     1.448810    -1.646640    -0.729990
    C    -0.144530    -2.204830     0.695820
    C    -1.449640    -1.646290     0.729460

