    2.823257    4.017391
    2.108276    3.000000
    0.712037    2.693895
   -2.403459    3.744423
   -1.794791    2.796160
   -0.403518    2.564363
   -2.853000   -0.332845
   -3.820539   -0.445723
    0.860283    1.785314
    0.310527    1.433153
   -0.283345    1.655105
    1.348449    1.160384
    2.407428    1.275315
    2.853000   -0.438585
    0.880058    0.533308
    0.682972   -0.234192
    1.319194   -1.132977
    0.367997    0.852127
    0.142651   -3.250070
    3.820539   -0.587323
    0.106525   -2.427000
   -0.057047   -0.063151
   -0.101513    0.570524
   -2.116840    1.164214
   -1.197257    0.608725
   -0.538549    0.986705
   -0.819517   -0.220920
   -1.358328   -1.261082

