    2.634689    3.670106
    2.163022    0.271871
    1.859543    1.342943
    1.967462    2.740663
   -2.025856    4.017391
    0.234088    2.604172
   -1.512814    3.000000
    0.977495    1.181741
   -3.820539   -0.013279
    0.343976   -3.250070
    0.256865   -2.427000
   -2.853000   -0.009916
   -1.473182   -0.557766
   -0.592105   -1.300895
   -1.934564    1.368224
    0.908438   -0.704475
    1.437007   -1.506149
    1.241484    0.018109
    0.067874   -0.648032
    2.853000   -0.944439
    3.820539   -1.264727
   -0.237590   -0.020996
   -0.917773    0.100814
    0.314759    1.582662
   -0.227208    1.033916
   -0.997679    0.833741
    0.130679    0.488601
    0.785185    0.559994
