    28

    C    -2.022210    -0.573010    -1.061770
    C    -0.872910    -1.747280     1.259660
    C    -1.756200    -0.647540     1.424130
    C    -2.307110    -0.086560     0.241650
    C    -1.668940     0.470980    -1.957180
    C    -1.924500     1.280950     0.242390
    C    -1.423760     1.544170    -1.060120
    C    -1.217590     0.344090     2.286110
    C    -0.348140     0.098700    -2.322490
    C    -0.050340    -1.242220    -1.962070
    C     1.134720    -1.619000    -1.276340
    C     0.606870     1.085690    -1.961490
    C     1.813680     0.787590    -1.274990
    C     2.040020    -0.575500    -0.947560
    C    -0.088020     2.018280    -1.146740
    C     1.368710    -1.684260     0.908900
    C     0.861740    -2.461270    -0.166160
    C     0.357980    -1.359040     1.851870
    C     2.191790    -0.616170     0.463740
    C    -0.539010    -2.287940    -0.010260
    C    -1.129530    -1.674160    -1.146460
    C     2.045070     0.722970     0.912790
    C     2.023670     1.647600    -0.164710
    C    -1.159340     1.470570     1.423510
    C     0.168370     1.945710     1.256530
    C     0.738560     2.232080    -0.012050
    C     1.009590     0.969350     1.852760
    C     0.146840    -0.044760     2.346350

