    2.115686   -2.912120
    3.423600    1.112623
    1.763071   -2.426766
    2.853000    0.927186
    1.700190    1.466865
   -0.001638    3.600000
   -0.001365    3.000000
    0.868225    2.070905
   -0.514171   -2.185912
   -1.763835   -2.427000
    0.513681   -2.185834
   -2.116602   -2.912400
   -3.423600    1.112318
   -1.920381   -1.163838
   -2.237572   -0.186369
   -2.853000    0.926931
    0.235323   -1.108912
   -0.236055   -1.108800
    0.635232   -1.427391
   -0.635968   -1.427263
   -1.161425   -1.045202
   -0.296667   -0.705724
   -0.580115   -0.499619
   -0.982054   -0.566446
    0.981543   -0.566813
    0.579540   -0.499863
    1.160776   -1.045582
    0.295984   -0.705865
   -0.000322   -0.535622
    0.509350   -0.165363
    0.233106   -0.075516
   -0.000299   -0.245111
    2.237480   -0.186763
    1.553714    0.163538
    1.919704   -1.164245
    1.127238   -0.118431
    0.762725    0.063929
    1.352898    0.781563
    0.842089    0.759050
    0.654375    0.397320
   -0.144547    0.198891
    0.143940    0.198890
    0.314621    0.433893
   -0.315289    0.433793
   -0.763137    0.063960
   -0.509867   -0.165253
   -0.233670   -0.075495
   -0.654901    0.397162
   -1.353232    0.781081
   -1.553883    0.163552
   -1.127562   -0.118236
   -0.842720    0.758618
   -0.325523    1.528316
   -0.869829    2.070119
   -1.700777    1.465875
   -0.461633    1.035702
    0.174764    0.745639
    0.460631    1.036037
    0.324072    1.528647
   -0.175662    0.745538

