    1  2
    1  3
    1 12
    2  4
    2  6
    3 11
    3 35
    4  5
    4 33
    5  8
    5 38
    6  7
    6 13
    7  8
    7 54
    8 59
    9 10
    9 11
    9 20
   10 12
   10 14
   11 19
   12 13
   13 16
   14 15
   14 21
   15 16
   15 50
   16 55
   17 18
   17 19
   17 28
   18 20
   18 22
   19 27
   20 21
   21 24
   22 23
   22 29
   23 24
   23 46
   24 51
   25 26
   25 27
   25 36
   26 28
   26 30
   27 35
   28 29
   29 32
   30 31
   30 37
   31 32
   31 42
   32 47
   33 34
   33 35
   34 36
   34 38
   36 37
   37 40
   38 39
   39 40
   39 58
   40 43
   41 42
   41 44
   41 47
   42 43
   43 57
   44 48
   44 60
   45 46
   45 48
   45 51
   46 47
   48 52
   49 50
   49 52
   49 55
   50 51
   52 56
   53 54
   53 56
   53 59
   54 55
   56 60
   57 58
   57 60
   58 59

