   -0.229502    0.265444
    0.005684    0.318703
   -0.363077    0.491141
    0.162667    0.519387
   -0.000000    0.850000
   -0.808398    0.262664
   -0.951057    0.309017
   -0.000000    1.000000
   -0.558639   -0.161164
   -0.298457    0.004211
   -0.049663   -0.068356
   -0.499617   -0.687665
    0.019353   -0.581100
    0.096233   -0.282549
   -0.587785   -0.809017
    0.301349    0.103890
    0.082768    0.113920
    0.323373   -0.136243
    0.579299   -0.193536
    0.499618   -0.687664
    0.587785   -0.809017
    0.443700    0.315205
    0.808398    0.262664
    0.951057    0.309017
  
