   -0.023916    0.095736
   -0.090746    0.178036
   -0.206517    0.100723
   -0.074394   -0.010405
   -0.196850   -0.048419
    0.012653   -0.073652
    0.088971    0.122925
    0.097996    0.007161
    0.176721    0.243655
   -0.033127    0.316158
    0.133115    0.372413
   -0.318657    0.182939
   -0.158401    0.382235
   -0.534350    0.026523
   -0.278792   -0.214903
   -0.497779   -0.234273
    0.014388   -0.201889
   -0.118559   -0.331321
    0.196943   -0.030988
    0.159224   -0.165005
    0.312679    0.241944
    0.310542    0.066459
    0.263504    0.523064
    0.415738    0.412456
   -0.068816    0.611362
    0.231938    0.751880
   -0.757988    0.127299
   -0.284709    0.677119
   -1.017197   -0.069791
   -0.639996   -0.494317
   -0.863952   -0.541431
   -0.069231   -0.545626
   -0.272495   -0.761314
    0.272120   -0.246285
    0.412143   -0.032296
    0.190094   -0.499812
    0.643177    0.453084
    0.602455    0.123641
    0.380706    0.945845
    0.781908    0.654355
   -0.150451    0.909409
    0.311562    1.131909
   -1.172787    0.053466
   -0.645897    0.889000
   -1.286914    0.016384
   -0.917378   -0.732602
   -1.031505   -0.769684
   -0.247956   -0.988978
   -0.413260   -1.098865
    0.355113   -0.681415
    0.731776   -0.061412
    0.247956   -0.988978
    0.980231    0.646092
    0.911391    0.137936
    0.382096    1.228991
    1.050765    0.743174
   -0.716431    0.986082
   -1.592069    0.517294
   -0.000000    1.674000
   -1.711902    0.556230
   -0.000000    1.800000
   -0.983952   -1.354295
   -0.413260   -1.218865
   -1.058013   -1.456231
    0.413260   -1.098865
    1.045083   -0.339568
    0.413260   -1.218865
    1.592069    0.517294
    1.711902    0.556231
    1.058014   -1.456230
    1.159210   -0.376650
    0.983953   -1.354294
