   -1.711902    0.556230
   -1.592069    0.517294
   -0.716431    0.986082
   -0.000000    1.800000
   -0.000000    1.674000
    1.711902    0.556231
   -1.058013   -1.456231
    1.058014   -1.456230
   -0.983952   -1.354295
   -1.286914    0.016384
   -1.031505   -0.769684
   -0.645897    0.889000
   -1.172787    0.053466
   -0.150451    0.909409
    0.382096    1.228991
    0.311562    1.131909
    1.592069    0.517294
    1.050765    0.743174
    0.983953   -1.354294
    1.159210   -0.376650
   -0.413260   -1.218865
    0.413260   -1.218865
   -0.917378   -0.732602
   -0.413260   -1.098865
   -1.017197   -0.069791
   -0.863952   -0.541431
   -0.285664    0.675133
   -0.746880    0.134193
   -0.090428    0.581064
    0.380706    0.945845
    0.215634    0.732532
    0.980231    0.646092
    0.781908    0.654355
    1.045083   -0.339568
    0.911391    0.137936
    0.413260   -1.098865
    0.656254   -0.647295
   -0.247956   -0.988978
    0.247956   -0.988978
   -0.636510   -0.480450
   -0.288306   -0.762651
   -0.471946    0.086147
   -0.206508    0.315444
   -0.451203   -0.188547
    0.195868    0.468667
   -0.013882    0.282510
    0.638775    0.472985
    0.379572    0.378576
    0.778773    0.054983
    0.644052    0.197642
    0.591925   -0.519887
    0.648935   -0.216292
    0.243151   -0.798342
    0.393833   -0.600733
   -0.106123   -0.576910
    0.103454   -0.625924
   -0.205192   -0.153485
   -0.043617    0.060305
   -0.096834   -0.334120
    0.286407    0.166958
    0.126971    0.050678
    0.508263    0.031676
    0.510568   -0.154949
    0.355260    0.035798
    0.331698   -0.449944
    0.195928   -0.471144
    0.381945   -0.281955
    0.064278   -0.250311
    0.141285   -0.099691
    0.263151   -0.094551
    0.175100   -0.322511
    0.272367   -0.230598
