   -1.711902    0.556230
   -1.592069    0.517294
   -0.716431    0.986082
   -0.000000    1.800000
   -0.000000    1.674000
    1.711902    0.556231
   -1.058013   -1.456231
    1.058014   -1.456230
   -0.983952   -1.354295
   -1.286914    0.016384
   -1.031505   -0.769684
   -0.645897    0.889000
   -1.172787    0.053466
   -0.150451    0.909409
    0.382096    1.228991
    0.311562    1.131909
    1.592069    0.517294
    1.050765    0.743174
    0.983953   -1.354294
    1.159210   -0.376650
   -0.413260   -1.218865
    0.413260   -1.218865
   -0.917378   -0.732602
   -0.413260   -1.098865
   -1.017197   -0.069791
   -0.863952   -0.541431
   -0.243521    0.656096
   -0.736746    0.113630
    0.039850    0.534548
    0.581307    0.800100
    0.980231    0.646092
    0.415565    0.609344
    1.045083   -0.339568
    0.911391    0.137936
    0.413260   -1.098865
    0.656254   -0.647295
   -0.247956   -0.988978
    0.247956   -0.988978
   -0.651474   -0.515104
   -0.304659   -0.792675
   -0.506199   -0.009317
   -0.497282   -0.276514
   -0.056760    0.287462
   -0.257004    0.110758
    0.084505    0.166073
    0.491037    0.293998
    0.723233    0.090472
    0.294356    0.146135
    0.568485   -0.522676
    0.584001   -0.210749
    0.228964   -0.818522
    0.365798   -0.623660
   -0.137922   -0.647416
    0.071381   -0.680805
   -0.286843   -0.302167
   -0.162924   -0.451771
   -0.153246   -0.006882
   -0.010388    0.031896
   -0.174281   -0.161766
    0.033622   -0.084008
   -0.047737   -0.171391
    0.290044   -0.051416
    0.394176   -0.198757
    0.152576   -0.120185
    0.273214   -0.501584
    0.142996   -0.541906
    0.289978   -0.344050
   -0.027217   -0.386341
    0.008897   -0.268604
    0.113428   -0.238210
    0.091963   -0.425261
    0.167931   -0.335941
