   -1.711902    0.556230
   -0.000000    1.800000
    1.711902    0.556231
   -1.058013   -1.456231
    1.058014   -1.456230
   -0.983952   -1.354295
   -1.592069    0.517294
   -1.159209   -0.376650
   -1.050765    0.743174
   -0.000000    1.674000
   -0.382097    1.228991
    1.592069    0.517294
    0.716431    0.986082
    1.286914    0.016384
    0.983953   -1.354294
    1.031505   -0.769684
   -0.413260   -1.218865
    0.413260   -1.218865
   -0.413260   -1.098865
   -1.045083   -0.339568
   -0.656254   -0.647295
   -0.980231    0.646092
   -0.911391    0.137936
   -0.311562    1.131909
   -0.581307    0.800100
    0.645897    0.889000
    0.150450    0.909409
    1.172787    0.053466
    0.818408    0.424110
    1.017197   -0.069791
    0.917378   -0.732602
    0.863952   -0.541431
    0.413260   -1.098865
    0.598787   -0.824160
   -0.247956   -0.988978
    0.247956   -0.988978
   -0.539731   -0.549014
   -0.273480   -0.777233
   -0.718769    0.078445
   -0.551129   -0.218957
   -0.438718    0.603711
   -0.497822    0.269252
    0.147388    0.707753
   -0.102441    0.556488
    0.688845    0.343592
    0.823624    0.019842
    0.378361    0.456316
    0.601554   -0.064207
    0.726146   -0.470734
    0.600513   -0.284784
    0.527087   -0.725523
    0.573293   -0.564370
    0.223242   -0.836109
    0.359491   -0.719716
   -0.125043   -0.592100
    0.085086   -0.659273
   -0.340037   -0.163020
   -0.308293    0.081314
   -0.163801   -0.339353
    0.017628    0.318094
    0.259836    0.272788
    0.373066    0.050683
   -0.084979    0.116598
    0.005934   -0.249295
    0.234923   -0.082928
    0.046820   -0.064819
    0.440560   -0.336596
    0.446288   -0.490044
    0.327953   -0.576015
    0.183740   -0.523189
    0.281271   -0.252689
    0.153091   -0.345813
