   -1.711902    0.556230
   -1.592069    0.517294
   -0.716431    0.986082
   -0.000000    1.800000
   -0.000000    1.674000
    1.711902    0.556231
   -1.058013   -1.456231
    1.058014   -1.456230
   -0.983952   -1.354295
   -1.286914    0.016384
   -1.031505   -0.769684
   -0.645897    0.889000
   -1.172787    0.053466
   -0.150451    0.909409
    0.382096    1.228991
    0.311562    1.131909
    1.592069    0.517294
    1.050765    0.743174
    0.983953   -1.354294
    1.159210   -0.376650
   -0.413260   -1.218865
    0.413260   -1.218865
   -0.413260   -1.098865
   -0.917378   -0.732602
   -0.598787   -0.824160
   -1.017197   -0.069791
   -0.863952   -0.541431
   -0.293256    0.684081
   -0.760131    0.151706
   -0.106250    0.591362
    0.380706    0.945845
    0.204500    0.732733
    0.980231    0.646092
    0.781908    0.654355
    1.045083   -0.339568
    0.911391    0.137936
    0.413260   -1.098865
    0.656254   -0.647295
   -0.247956   -0.988978
    0.247956   -0.988978
   -0.154170   -0.819808
   -0.480379   -0.679656
   -0.252004   -0.646098
   -0.696001   -0.399688
   -0.502195   -0.459368
   -0.510897    0.124692
   -0.241280    0.336980
   -0.531998   -0.124767
    0.161904    0.463554
   -0.064348    0.291361
    0.613916    0.455340
    0.333424    0.354309
    0.750321    0.026020
    0.592868    0.156159
    0.546987   -0.576367
    0.279798   -0.804364
    0.105018   -0.686897
    0.584110   -0.276132
    0.415710   -0.041440
    0.197306   -0.444322
    0.394846   -0.262119
   -0.120049   -0.444883
    0.059037   -0.361420
   -0.336395   -0.291066
   -0.331702   -0.104242
   -0.136741    0.072564
   -0.162073   -0.291392
    0.201276    0.125274
    0.242423   -0.036295
    0.103538   -0.184255
    0.016504    0.021756
   -0.024266   -0.150106
