   -1.711902    0.556230
   -0.000000    1.800000
    1.711902    0.556231
   -1.058013   -1.456231
    1.058014   -1.456230
   -0.983952   -1.354295
   -1.592069    0.517294
   -1.159209   -0.376650
   -1.050765    0.743174
   -0.000000    1.674000
   -0.382097    1.228991
    1.592069    0.517294
    0.716431    0.986082
    1.286914    0.016384
    0.983953   -1.354294
    1.031505   -0.769684
   -0.413260   -1.218865
    0.413260   -1.218865
   -0.413260   -1.098865
   -1.045083   -0.339568
   -0.656254   -0.647295
   -0.980231    0.646092
   -0.911391    0.137936
   -0.311562    1.131909
   -0.581307    0.800100
    0.645897    0.889000
    0.150450    0.909409
    1.172787    0.053466
    0.818408    0.424110
    1.017197   -0.069791
    0.917378   -0.732602
    0.413260   -1.098865
    0.863952   -0.541431
   -0.247956   -0.988978
    0.247956   -0.988978
   -0.208288   -0.796191
   -0.558799   -0.501007
   -0.337299   -0.577801
   -0.731039    0.101859
   -0.579231   -0.170338
   -0.451193    0.620684
   -0.520824    0.301709
    0.128718    0.726516
   -0.126401    0.588255
    0.648859    0.376384
    0.340598    0.497918
    0.821243   -0.048231
    0.653328    0.141918
    0.613554   -0.178700
    0.666025   -0.554679
    0.321459   -0.805016
    0.536985   -0.389906
   -0.020131   -0.639071
    0.204436   -0.631508
    0.319685   -0.440550
   -0.222882   -0.417552
   -0.066809   -0.457373
   -0.387726   -0.084181
   -0.346629    0.138818
   -0.235832   -0.221928
   -0.025447    0.372158
    0.199356    0.342329
   -0.131528    0.180404
    0.465458    0.082527
    0.455074   -0.078235
    0.283356    0.155258
    0.210470   -0.290337
    0.027567   -0.306086
   -0.072575   -0.166203
   -0.010113    0.013232
    0.281966   -0.121271
    0.179856    0.017185
