   -1.711902    0.556230
   -0.000000    1.800000
    1.711902    0.556231
   -1.058013   -1.456231
    1.058014   -1.456230
   -0.983952   -1.354295
   -1.031505   -0.769684
   -1.592069    0.517294
   -1.286914    0.016384
   -1.050765    0.743174
   -0.000000    1.674000
   -0.382097    1.228991
    0.382096    1.228991
    1.592069    0.517294
    1.050765    0.743174
    1.286914    0.016384
    0.983953   -1.354294
    1.031505   -0.769684
   -0.413260   -1.218865
    0.413260   -1.218865
   -0.917378   -0.732602
   -0.413260   -1.098865
   -0.863952   -0.541431
   -1.172787    0.053466
   -1.017197   -0.069791
   -0.980231    0.646092
   -0.968858    0.314801
   -0.311562    1.131909
   -0.581307    0.800100
    0.311562    1.131909
   -0.000000    1.018718
    0.980231    0.646092
    0.581307    0.800100
    1.172787    0.053466
    0.968858    0.314801
    0.917378   -0.732602
    0.940574   -0.305611
    0.413260   -1.098865
    0.598787   -0.824160
   -0.247956   -0.988978
    0.247956   -0.988978
   -0.657289   -0.537162
   -0.307631   -0.791205
   -0.519360   -0.344344
   -0.849206   -0.014314
   -0.821057    0.259941
   -0.604118   -0.110756
   -0.482889    0.655561
   -0.578134    0.389360
   -0.002214    0.834231
   -0.206218    0.661904
    0.476846    0.656138
    0.199279    0.660757
    0.794256    0.255562
    0.567004    0.393587
    0.772864   -0.256799
    0.693386    0.008298
    0.501069   -0.700650
    0.248967   -0.812176
    0.549091   -0.429621
   -0.166864   -0.600444
   -0.283026   -0.389699
    0.081497   -0.608878
   -0.158931   -0.218913
   -0.425844    0.031237
   -0.413265    0.238677
   -0.236289   -0.027620
   -0.110944    0.469992
    0.100015    0.467287
   -0.215763    0.283699
   -0.120811    0.121239
    0.413673    0.239400
    0.481430    0.039605
    0.199425    0.274310
    0.077902    0.107046
    0.354851   -0.319393
    0.161453   -0.395457
    0.046910   -0.233375
    0.336647   -0.117651
    0.152804   -0.077554
