   -1.711902    0.556230
   -0.000000    1.800000
    1.711902    0.556231
   -1.058013   -1.456231
    1.058014   -1.456230
   -0.983952   -1.354295
   -1.031505   -0.769684
   -1.592069    0.517294
   -1.286914    0.016384
   -1.050765    0.743174
   -0.000000    1.674000
   -0.382097    1.228991
    0.382096    1.228991
    1.592069    0.517294
    1.050765    0.743174
    1.286914    0.016384
    0.983953   -1.354294
    1.031505   -0.769684
   -0.413260   -1.218865
    0.413260   -1.218865
   -0.413260   -1.098865
   -0.917378   -0.732602
   -0.598787   -0.824160
   -1.172787    0.053466
   -0.940574   -0.305611
   -0.980231    0.646092
   -0.968858    0.314801
   -0.311562    1.131909
   -0.581307    0.800100
    0.311562    1.131909
   -0.000000    1.018718
    0.980231    0.646092
    0.581307    0.800100
    1.172787    0.053466
    0.968858    0.314801
    0.917378   -0.732602
    0.940574   -0.305611
    0.413260   -1.098865
    0.000000   -0.988978
    0.598787   -0.824160
   -0.000057   -0.814162
   -0.491653   -0.676680
   -0.227234   -0.656753
   -0.774315   -0.251628
   -0.554420   -0.419038
   -0.795479    0.258391
   -0.694808    0.013022
   -0.478579    0.658570
   -0.569827    0.397639
   -0.000057    0.836308
   -0.202298    0.664653
    0.478468    0.658576
    0.202119    0.664649
    0.795375    0.258394
    0.569631    0.397638
    0.774208   -0.251632
    0.694601    0.013019
    0.491543   -0.676685
    0.227055   -0.656754
    0.554224   -0.419031
    0.193213   -0.445309
    0.363484   -0.321596
   -0.193497   -0.445308
   -0.363768   -0.321597
   -0.000161   -0.352939
   -0.483271    0.046188
   -0.418232    0.246353
   -0.335673   -0.109175
   -0.105378    0.473651
    0.105097    0.473652
   -0.207517    0.285234
    0.417943    0.246356
    0.482981    0.046183
    0.335340   -0.109174
    0.207190    0.285232
   -0.000185   -0.154810
   -0.147241   -0.047967
   -0.091071    0.124911
    0.146875   -0.047967
    0.090703    0.124912
