1 2
1 4
1 7
2 3
2 10
3 5
3 12
4 5
4 6
5 15
6 8
6 17
7 8
7 9
8 20
9 11
9 22
10 11
10 13
11 24
12 13
12 14
13 26
14 16
14 28
15 16
15 18
16 31
17 18
17 19
18 32
19 21
19 34
20 21
20 23
21 37
22 23
22 25
23 39
24 25
24 27
25 41
26 27
26 29
27 43
28 29
28 30
29 45
30 33
30 47
31 32
31 33
32 35
33 50
34 35
34 36
35 51
36 38
36 53
37 38
37 40
38 56
39 40
39 42
40 58
41 42
41 44
42 59
43 44
43 46
44 61
45 46
45 48
46 62
47 48
47 49
48 64
49 52
49 65
50 51
50 52
51 54
52 55
53 54
53 57
54 55
55 67
56 57
56 60
57 68
58 59
58 60
59 63
60 69
61 62
61 63
62 66
63 70
64 65
64 66
65 71
66 72
67 68
67 71
68 69
69 70
70 72
71 72
