1 2
1 4
1 7
2 3
2 10
3 5
3 12
4 5
4 6
5 15
6 8
6 17
7 8
7 9
8 19
9 11
9 21
10 11
10 13
11 24
12 13
12 14
13 26
14 16
14 28
15 16
15 18
16 31
17 18
17 20
18 33
19 20
19 22
20 35
21 22
21 23
22 37
23 25
23 39
24 25
24 27
25 42
26 27
26 29
27 44
28 29
28 30
29 46
30 32
30 47
31 32
31 34
32 49
33 34
33 36
34 51
35 36
35 38
36 53
37 38
37 40
38 55
39 40
39 41
40 56
41 43
41 57
42 43
42 45
43 62
44 45
44 48
45 64
46 47
46 48
47 50
48 65
49 50
49 52
50 66
51 52
51 54
52 68
53 54
53 58
54 59
55 56
55 58
56 57
57 60
58 61
59 61
59 69
60 61
60 63
62 63
62 67
63 70
64 65
64 67
65 66
66 71
67 72
68 69
68 71
69 70
70 72
71 72
