1 2
1 4
1 7
2 3
2 10
3 5
3 12
4 5
4 6
5 15
6 8
6 17
7 8
7 9
8 20
9 11
9 22
10 11
10 13
11 24
12 13
12 14
13 26
14 16
14 28
15 16
15 18
16 31
17 18
17 19
18 33
19 21
19 35
20 21
20 23
21 37
22 23
22 25
23 39
24 25
24 27
25 41
26 27
26 29
27 43
28 29
28 30
29 45
30 32
30 46
31 32
31 34
32 49
33 34
33 36
34 51
35 36
35 38
36 53
37 38
37 40
38 55
39 40
39 42
40 57
41 42
41 44
42 58
43 44
43 47
44 60
45 46
45 47
46 48
47 61
48 50
48 62
49 50
49 52
50 67
51 52
51 54
52 68
53 54
53 56
54 69
55 56
55 59
56 70
57 58
57 59
58 63
59 64
60 61
60 63
61 62
62 65
63 66
64 66
64 72
65 66
65 71
67 68
67 71
68 69
69 70
70 72
71 72
