1 2
1 4
1 7
2 3
2 10
3 5
3 12
4 5
4 6
5 15
6 8
6 17
7 8
7 9
8 19
9 11
9 21
10 11
10 13
11 23
12 13
12 14
13 25
14 16
14 27
15 16
15 18
16 30
17 18
17 20
18 32
19 20
19 22
20 34
21 22
21 24
22 35
23 24
23 26
24 37
25 26
25 28
26 39
27 28
27 29
28 41
29 31
29 43
30 31
30 33
31 46
32 33
32 36
33 48
34 35
34 36
35 38
36 50
37 38
37 40
38 51
39 40
39 42
40 53
41 42
41 44
42 55
43 44
43 45
44 57
45 47
45 58
46 47
46 49
47 62
48 49
48 52
49 63
50 51
50 52
51 54
52 65
53 54
53 56
54 66
55 56
55 59
56 68
57 58
57 59
58 60
59 61
60 61
60 64
61 69
62 63
62 64
63 67
64 70
65 66
65 67
66 71
67 72
68 69
68 71
69 70
70 72
71 72
