1 2
1 4
1 7
2 3
2 10
3 5
3 12
4 5
4 6
5 15
6 8
6 17
7 8
7 9
8 19
9 11
9 21
10 11
10 13
11 23
12 13
12 14
13 25
14 16
14 27
15 16
15 18
16 30
17 18
17 20
18 32
19 20
19 22
20 34
21 22
21 24
22 36
23 24
23 26
24 38
25 26
25 28
26 40
27 28
27 29
28 42
29 31
29 43
30 31
30 33
31 45
32 33
32 35
33 47
34 35
34 37
35 49
36 37
36 39
37 51
38 39
38 41
39 53
40 41
40 44
41 55
42 43
42 44
43 46
44 57
45 46
45 48
46 58
47 48
47 50
48 60
49 50
49 52
50 62
51 52
51 54
52 63
53 54
53 56
54 65
55 56
55 59
56 66
57 58
57 59
58 61
59 68
60 61
60 64
61 69
62 63
62 64
63 67
64 70
65 66
65 67
66 71
67 72
68 69
68 71
69 70
70 72
71 72
