   -1.592069    0.517294
   -1.711902    0.556230
   -0.000000    1.800000
   -0.716431    0.986082
   -0.000000    1.674000
   -0.645897    0.889000
   -1.286914    0.016384
   -1.172787    0.053466
   -1.031505   -0.769684
   -1.058013   -1.456231
   -0.983952   -1.354294
    1.711902    0.556231
    1.058014   -1.456230
    1.592068    0.517294
    0.382096    1.228991
    1.050765    0.743174
   -0.150451    0.909409
    0.311562    1.131909
   -0.212966    0.618874
   -1.017197   -0.069791
   -0.673837    0.077202
   -0.917378   -0.732602
   -0.863952   -0.541431
   -0.413260   -1.218865
   -0.413260   -1.098865
    0.983953   -1.354294
    0.413260   -1.218865
    1.286914    0.016384
    1.031505   -0.769684
    1.172787    0.053466
    0.980231    0.646092
    0.968858    0.314801
    0.380706    0.945845
    0.781908    0.654355
   -0.083113    0.564196
    0.221719    0.718772
   -0.458662    0.063386
   -0.190948    0.286661
   -0.632198   -0.484148
   -0.432669   -0.218310
   -0.247956   -0.988978
   -0.278078   -0.751020
    0.413260   -1.098865
    0.247956   -0.988978
    0.917378   -0.732601
    0.940574   -0.305611
    0.598787   -0.824160
    0.849462    0.153632
    0.828823   -0.219010
    0.636505    0.446525
    0.657839    0.158374
    0.206340    0.429399
    0.010911    0.238664
    0.371665    0.303870
   -0.166968   -0.236624
   -0.093626   -0.501000
    0.018946    0.002308
    0.240409    0.032385
    0.273516   -0.775765
    0.530736   -0.668194
    0.623210   -0.349975
    0.526211   -0.127236
    0.164618   -0.495830
    0.306531   -0.205251
    0.000000    0.000000
