   -1.592069    0.517294
   -1.711902    0.556230
   -0.000000    1.800000
   -0.716431    0.986082
   -0.000000    1.674000
   -0.645897    0.889000
   -1.286914    0.016384
   -1.172787    0.053466
   -1.031505   -0.769684
   -1.058013   -1.456231
   -0.983952   -1.354294
    1.711902    0.556231
    1.058014   -1.456230
    1.592068    0.517294
    0.382096    1.228991
    1.050765    0.743174
   -0.150451    0.909409
    0.311562    1.131909
   -1.017197   -0.069791
   -0.466919    0.343379
   -0.917378   -0.732602
   -0.863952   -0.541431
   -0.413260   -1.218865
   -0.413260   -1.098865
    0.983953   -1.354294
    0.413260   -1.218865
    1.286914    0.016384
    1.031505   -0.769684
    1.172787    0.053466
    0.980231    0.646092
    0.581307    0.800100
    0.968858    0.314801
   -0.173599    0.321608
    0.350990    0.585861
   -0.597792   -0.434072
   -0.285009   -0.056207
   -0.247956   -0.988978
   -0.259552   -0.744226
    0.413260   -1.098865
    0.247956   -0.988978
    0.917378   -0.732601
    0.598787   -0.824160
    1.017197   -0.069791
    0.863952   -0.541431
    0.850366   -0.095175
    0.761017    0.257078
    0.459046    0.323142
    0.691386    0.045358
    0.006967   -0.084772
    0.288026    0.086497
    0.464867   -0.027508
   -0.032938   -0.565793
    0.051153   -0.323877
    0.275309   -0.836842
    0.511990   -0.747256
    0.173349   -0.638953
    0.747066   -0.486076
    0.715164   -0.292406
    0.577141   -0.570443
    0.410475   -0.218649
    0.247987   -0.332703
    0.294443   -0.485409
    0.535138   -0.319415
    0.465388   -0.461886
    0.000000    0.000000
