   -1.016870    0.719201
   -0.369771    1.189346
   -0.255966    1.091630
   -0.959104    0.580770
   -0.546781    0.752580
   -1.117299    0.093894
   -1.540711    0.500607
   -1.245400    0.015855
   -1.711902    0.556230
   -0.000000    1.620000
   -0.000000    1.800000
    0.369771    1.189346
   -0.000000    0.982467
    0.255966    1.091630
   -0.000000    0.882467
   -0.488003    0.671678
   -0.219601    0.699365
   -0.965283   -0.039483
   -0.870177   -0.008582
   -0.804138   -0.535437
   -0.998231   -0.744855
   -0.848724   -0.732694
   -1.058013   -1.456231
   -0.952212   -1.310608
    1.711902    0.556231
    1.058014   -1.456230
    1.016870    0.719201
    1.540711    0.500608
    0.546781    0.752580
    0.959104    0.580770
    0.219601    0.699365
    0.488003    0.671678
    0.315725    0.210938
   -0.315876    0.210943
   -0.744485   -0.126752
   -0.000087    0.068199
   -0.709033   -0.504535
   -0.676804   -0.335053
   -0.577479   -0.794832
   -0.518701   -0.713931
   -0.399929   -1.179547
   -0.434563   -1.033600
    0.952212   -1.310607
    0.399929   -1.179547
    1.245400    0.015855
    1.117299    0.093894
    0.998231   -0.744855
    0.870178   -0.008582
    0.744485   -0.126752
    0.965283   -0.039483
    0.676804   -0.335053
   -0.000069   -0.237524
   -0.300117   -0.400284
   -0.233415   -0.694877
    0.300041   -0.400273
    0.000000   -0.930240
    0.434563   -1.033600
    0.000000   -0.830240
    0.233416   -0.694877
    0.848725   -0.732694
    0.804138   -0.535436
    0.709033   -0.504535
    0.577480   -0.794832
    0.518701   -0.713931
  
