30   
   
C -1.42780 2.12820 0.01080
C -2.35000 1.10180 0.01020
C -0.69920 1.95890 -1.16760
C 0.67710 1.96670 -1.13640
C 1.44000 2.12140 0.01710
C -2.19210 0.31610 -1.11420
C -2.13170 -0.98560 -0.67290
C -1.11610 -1.82750 -1.09090
C -1.11980 0.81250 -1.82220
C 0.00150 0.02740 -2.13910
C 0.01920 -1.35030 -1.79520
C -0.66170 -2.51190 0.00660
C 0.67040 -2.52220 -0.02350
C 1.16530 -1.87460 -1.13360
C -1.14920 -1.84540 1.11160
C -2.18010 -0.99710 0.72830
C -2.23390 0.31800 1.13320
C -0.01060 -1.32880 1.77330
C -0.02560 0.05440 2.11580
C -1.14100 0.85140 1.79790
C 1.11880 -1.83180 1.08060
C 0.68400 1.99510 1.18980
C -0.69470 2.02670 1.18730
C 2.19070 0.32140 1.10510
C 1.11250 0.82470 1.80040
C 2.12330 -0.98460 0.66470
C 1.12220 0.80390 -1.77510
C 2.24540 0.31890 -1.11230
C 2.17720 -1.00670 -0.74060
C 2.38330 1.12100 -0.00950
