30   

C 2.49320 -1.09850 0.26300
C 1.42150 -1.88500 0.62960
C 2.54240 0.00380 1.06690
C -0.70540 -1.18660 1.61310
C 0.70240 -1.18090 1.63060
C 1.40310 0.01850 1.82030
C -1.42930 -1.90960 0.62720
C 2.49870 1.10570 0.26390
C -0.70520 1.20180 1.62100
C 0.70670 1.22030 1.63270
C 1.43650 1.90890 0.63230
C -1.43220 0.00580 1.77690
C 2.29020 0.67790 -1.03510
C 2.28690 -0.70670 -1.04890
C 1.14450 -1.35600 -1.49210
C 1.14220 1.33520 -1.46570
C 0.01300 0.69970 -2.00200
C 0.00770 -0.72230 -2.02680
C -0.67440 2.21930 -0.46480
C 0.68820 2.22030 -0.47930
C -1.45120 1.90930 0.64210
C -0.67890 -2.21020 -0.49700
C 0.68150 -2.21500 -0.48510
C -1.12420 -1.35130 -1.48510
C -1.10500 1.33140 -1.44750
C -2.23090 0.68650 -0.97650
C -2.24090 -0.70150 -0.99140
C -2.53170 1.12000 0.30830
C -2.62200 -0.01190 1.06820
C -2.52980 -1.12700 0.30090
