30   

C 2.59450 1.07210 -0.33560
C 1.40670 1.73520 -0.55320
C -0.69040 1.16450 -1.62330
C 0.70180 1.15590 -1.62830
C 2.58570 -0.00900 -1.18470
C 1.42180 -0.01660 -1.90890
C 2.59680 -1.09720 -0.34660
C -0.70000 -1.15990 -1.62770
C 0.69530 -1.18380 -1.63050
C 1.40980 -1.76650 -0.56980
C -1.44390 0.00770 -1.88210
C 2.62710 -0.66770 0.95340
C -0.69130 -1.89380 0.60280
C 0.69890 -1.89330 0.62550
C 1.42770 -1.07910 1.50900
C -1.43690 -1.76000 -0.58130
C 2.63040 0.70160 0.98290
C -0.67680 -0.00290 1.98380
C 0.71620 0.02440 2.00130
C 1.44680 1.14090 1.54470
C -1.42390 -1.09210 1.49580
C -0.68140 1.91560 0.61850
C 0.70500 1.93080 0.64490
C -1.41010 1.75600 -0.57050
C -1.41440 1.09440 1.50080
C -2.59290 1.09290 -0.34720
C -2.60240 0.66320 0.95120
C -2.62520 -0.70670 0.93430
C -2.64470 -1.11500 -0.37980
C -2.63280 -0.00960 -1.17980
