1 2
1 4
1 8
2 3
2 11
3 5
3 14
4 5
4 6
5 17
6 7
6 19
7 9
7 22
8 9
8 10
9 24
10 12
10 26
11 12
11 13
12 28
13 15
13 30
14 15
14 16
15 32
16 18
16 34
17 18
17 20
18 36
19 20
19 21
20 38
21 23
21 39
22 23
22 25
23 42
24 25
24 27
25 44
26 27
26 29
27 46
28 29
28 31
29 48
30 31
30 33
31 50
32 33
32 35
33 52
34 35
34 37
35 54
36 37
36 40
37 56
38 39
38 40
39 41
40 58
41 43
41 59
42 43
42 45
43 63
44 45
44 47
45 64
46 47
46 49
47 66
48 49
48 51
49 67
50 51
50 53
51 69
52 53
52 55
53 70
54 55
54 57
55 72
56 57
56 60
57 73
58 59
58 60
59 61
60 62
61 62
61 65
62 74
63 64
63 65
64 68
65 76
66 67
66 68
67 71
68 77
69 70
69 71
70 75
71 78
72 73
72 75
73 74
74 79
75 80
76 77
76 79
77 78
78 80
79 80
