1 2
1 4
1 8
2 3
2 11
3 5
3 14
4 5
4 6
5 17
6 7
6 19
7 9
7 21
8 9
8 10
9 24
10 12
10 26
11 12
11 13
12 28
13 15
13 30
14 15
14 16
15 32
16 18
16 34
17 18
17 20
18 36
19 20
19 22
20 38
21 22
21 23
22 40
23 25
23 42
24 25
24 27
25 45
26 27
26 29
27 46
28 29
28 31
29 48
30 31
30 33
31 50
32 33
32 35
33 52
34 35
34 37
35 54
36 37
36 39
37 56
38 39
38 41
39 58
40 41
40 43
41 59
42 43
42 44
43 61
44 47
44 62
45 46
45 47
46 49
47 65
48 49
48 51
49 66
50 51
50 53
51 68
52 53
52 55
53 69
54 55
54 57
55 72
56 57
56 60
57 73
58 59
58 60
59 63
60 76
61 62
61 63
62 64
63 77
64 67
64 78
65 66
65 67
66 70
67 71
68 69
68 70
69 74
70 71
71 75
72 73
72 74
73 79
74 75
75 80
76 77
76 79
77 78
78 80
79 80
