   -0.338711    0.466196
   -0.000000    0.850000
   -0.808398    0.262664
   -0.951057    0.309017
   -0.000000    1.000000
   -0.548046   -0.178071
   -0.499617   -0.687665
   -0.587785   -0.809017
   -0.242325   -0.078736
    0.000000   -0.254795
    0.000000   -0.576250
   -0.149765    0.206134
    0.149765    0.206134
    0.242325   -0.078736
    0.338711    0.466196
    0.808398    0.262664
    0.548046   -0.178071
    0.499618   -0.687664
    0.587785   -0.809017
    0.951057    0.309017
  
