80   

C      1.401892      0.049423      3.875867
C      0.666254     -1.208702      3.883860
C      1.459343     -2.198755      3.166404
C      2.649598     -0.163085      3.153287
C      2.685146     -1.552551      2.714911
C      3.061982      0.836208      2.261159
C      2.576195      2.143191      2.400003
C      0.676239      1.224770      3.637480
C      1.323586      2.352817      3.114753
C     -0.706511      1.252492      3.863615
C     -0.714457     -1.183285      3.643932
C     -1.442025     -0.005627      3.862155
C     -1.355562     -2.317637      3.127409
C      0.811971     -3.061169      2.271186
C     -0.562496     -3.301903      2.401991
C      1.525556     -3.633510      1.209735
C      3.145870     -1.812624      1.416975
C      2.745987     -2.980675      0.753474
C      3.911660      0.514253      1.193980
C      3.955658     -0.876368      0.760348
C      3.892460      1.356395      0.004711
C      2.565031      2.989537      1.213622
C      3.024871      2.457336      0.001249
C      0.538187      3.328992      2.370213
C      1.305430      3.722445      1.195186
C     -1.492095      2.234272      3.126856
C     -0.835076      3.086138      2.228760
C     -2.682178      0.198563      3.124493
C     -2.713151      1.582918      2.670084
C     -2.600739     -2.116111      2.397309
C     -3.085238     -0.810303      2.239242
C     -1.317492     -3.708787      1.223697
C     -2.577178     -2.975881      1.220756
C      0.770691     -4.049412      0.034526
C     -0.616392     -3.848142      0.018043
C      2.745537     -2.993149     -0.703833
C      1.524734     -3.653610     -1.148195
C      3.963419     -0.893830     -0.696907
C      3.924472      0.486179     -1.163963
C      3.159979     -1.828471     -1.364331
C      3.085384      0.810897     -2.238814
C      2.569105      2.986542     -1.213628
C      2.609018      2.120630     -2.385122
C      0.616054      3.848100     -0.018711
C      1.304687      3.710947     -1.231865
C     -1.537503      3.646554      1.152977
C     -0.770741      4.049356     -0.019058
C     -3.159902      1.828416      1.364683
C     -2.753395      2.988720      0.691424
C     -3.923888     -0.501171      1.159487
C     -3.963074      0.884603      0.709757
C     -3.025048     -2.457000     -0.001837
C     -3.892522     -1.356604     -0.020029
C     -1.292097     -3.724850     -1.203411
C     -2.556503     -3.000119     -1.206108
C      0.834641     -3.086543     -2.228473
C     -0.538398     -3.320094     -2.383216
C      2.720859     -1.569422     -2.669525
C      2.673697     -0.188080     -3.131606
C      1.505293     -2.236394     -3.118425
C      1.428999     -0.001293     -3.866324
C      0.706861     -1.267214     -3.858224
C      1.369271      2.309834     -3.127553
C      0.563158      3.292871     -2.414845
C      0.713916      1.183606     -3.643924
C     -1.512512      3.640373     -1.204931
C     -2.737848      2.984781     -0.765937
C     -0.811798      3.061148     -2.271337
C     -3.956053      0.885452     -0.747600
C     -3.912417     -0.499649     -1.198613
C     -3.145851      1.812459     -1.416871
C     -2.584154     -2.147346     -2.387693
C     -1.336829     -2.345066     -3.115117
C     -0.676712     -1.224417     -3.637498
C     -3.062411     -0.835858     -2.260889
C     -0.666890      1.223502     -3.879510
C     -1.472650      2.200850     -3.158821
C     -2.692844      1.538994     -2.714865
C     -1.388938     -0.042373     -3.880873
C     -2.641123      0.152518     -3.161118
