80   

C      1.460621      0.129234      3.833893
C      0.741735     -1.137131      3.897399
C      1.527582     -2.134146      3.184040
C      2.748405     -0.113862      3.196429
C      2.724278     -1.476171      2.676211
C      3.323284      0.911112      2.430507
C      2.616615      2.177131      2.273444
C      0.710353      1.252393      3.468521
C      1.286338      2.271075      2.699854
C     -0.641680      1.306778      3.826842
C     -0.645161     -1.128995      3.684461
C     -1.376350      0.050268      3.890459
C     -1.287660     -2.278748      3.202693
C      0.870022     -3.021612      2.319109
C     -0.500353     -3.271486      2.480638
C      1.570508     -3.605499      1.253358
C      3.072151     -1.698576      1.338292
C      2.767263     -2.935713      0.759942
C      3.902438      0.575140      1.136034
C      3.649662     -0.679791      0.571570
C      2.947631      2.721753      0.963213
C      3.740386      1.725738      0.256057
C      1.925341      3.388762      0.271229
C      0.521834      3.367911      2.288339
C      0.836728      3.921833      0.977541
C     -1.500911      2.303742      3.198329
C     -0.928605      3.324096      2.423899
C     -2.630335      0.232577      3.173113
C     -2.667851      1.602829      2.677795
C     -2.548146     -2.099192      2.491453
C     -3.043507     -0.798742      2.316460
C     -1.274238     -3.705619      1.323315
C     -2.539825     -2.981057      1.329947
C      0.797495     -4.047446      0.101146
C     -0.593092     -3.860392      0.107211
C      2.799094     -3.078028     -0.690212
C      1.516876     -3.640204     -1.098629
C      3.921368     -0.875760     -0.787364
C      3.383148     -2.056233     -1.453568
C      3.439065      1.496842     -1.095114
C      3.759259      0.263069     -1.681391
C      1.959519      3.463173     -1.128920
C      2.759902      2.472168     -1.838783
C      0.704321      3.630657     -1.852302
C     -0.414479      4.097773      0.253781
C     -1.495567      3.643545      1.118532
C     -0.473331      3.720224     -1.095808
C     -3.031203      1.769669      1.337310
C     -2.455259      2.786351      0.566527
C     -3.901119     -0.513582      1.243159
C     -3.928826      0.861691      0.762788
C     -3.011800     -2.486555      0.105393
C     -3.885720     -1.389523      0.079979
C     -1.289712     -3.761668     -1.106403
C     -2.557867     -3.045975     -1.098683
C      0.786994     -3.004975     -2.110603
C     -0.553990     -3.356642     -2.297593
C      2.693242     -1.599420     -2.653255
C      2.993161     -0.184742     -2.835946
C      1.367937     -1.987983     -2.877793
C      1.999415      2.026810     -3.000689
C      0.728931      2.742853     -3.009086
C      1.974896      0.658359     -3.306535
C     -0.443311      2.032972     -3.307032
C     -1.704599      3.367908     -1.668977
C     -2.776356      2.918988     -0.788951
C     -1.680924      2.489046     -2.829731
C     -4.076401      0.833024     -0.687928
C     -3.912722     -0.551587     -1.112265
C     -3.496730      1.847324     -1.464677
C     -2.732660      1.495940     -2.656279
C     -2.594855     -2.195647     -2.281276
C     -1.419140     -2.493166     -3.091253
C     -2.983797     -0.861431     -2.111238
C     -2.403859      0.154050     -2.881203
C      0.614778     -1.297236     -3.834346
C      0.898446      0.118850     -4.026032
C     -0.372241      0.829992     -4.025973
C     -0.832210     -1.478008     -3.861229
C     -1.434629     -0.151107     -3.843150
