   -0.366571    0.124692
   -0.177338    0.141660
   -0.396793   -0.098629
    0.103663   -0.054422
   -0.103663   -0.054422
   -0.224113   -0.236976
    0.177338    0.141660
   -0.599331   -0.189756
    0.180131   -0.493862
   -0.180131   -0.493862
   -0.499617   -0.687665
    0.224113   -0.236976
   -0.808398    0.262664
   -0.469781    0.329784
   -0.198751    0.536905
   -0.951057    0.309017
   -0.000000    1.000000
   -0.000000    0.850000
    0.587785   -0.809017
   -0.587785   -0.809017
    0.499618   -0.687664
    0.100508    0.342127
   -0.100508    0.342127
    0.198751    0.536905
    0.951057    0.309017
    0.808398    0.262664
    0.469781    0.329784
    0.599331   -0.189756
    0.396793   -0.098629
    0.366571    0.124692
  
