   -0.808398    0.262664
   -0.589295   -0.193881
   -0.951057    0.309017
   -0.000000    1.000000
   -0.000000    0.850000
   -0.499617   -0.687665
   -0.179403   -0.543173
    0.161467   -0.561498
   -0.587785   -0.809017
    0.587785   -0.809017
    0.499618   -0.687664
    0.144577   -0.358750
    0.296514   -0.248360
    0.484121   -0.327077
   -0.010834   -0.238886
   -0.200351   -0.308403
   -0.363810   -0.131910
    0.033954   -0.046734
   -0.093456    0.128632
   -0.310546    0.103533
    0.230542   -0.063515
   -0.160080    0.516957
   -0.442188    0.311993
    0.237877    0.305242
   -0.002502    0.327340
    0.355221    0.095243
    0.951056    0.309017
    0.808398    0.262664
    0.572027    0.002773
    0.366494    0.500540
  
