   -0.261820    0.233385
   -0.137968    0.350282
   -0.000000    0.850000
   -0.217403    0.557426
   -0.425170    0.228100
   -0.499705    0.382783
   -0.478043    0.065372
   -0.951057    0.309017
   -0.808398    0.262664
   -0.629264   -0.015959
   -0.000000    1.000000
   -0.348998   -0.034919
   -0.499617   -0.687665
   -0.503530   -0.323181
   -0.317509   -0.202288
   -0.587785   -0.809017
   -0.234882    0.076318
    0.083406   -0.294006
   -0.103757   -0.169242
   -0.083196    0.027032
    0.017870   -0.581636
    0.240289    0.188831
    0.015537    0.197907
    0.356334    0.460050
    0.292025   -0.094885
    0.808398    0.262664
    0.559416   -0.181765
    0.499618   -0.687664
    0.587785   -0.809017
    0.951056    0.309017
  
