   -0.571219   -0.174905
   -0.324011   -0.049248
   -0.808398    0.262664
   -0.359319    0.477255
    0.014889    0.286679
   -0.233183    0.230292
    0.121280    0.081823
   -0.951057    0.309017
   -0.000000    0.850000
   -0.000000    1.000000
   -0.587785   -0.809017
   -0.499617   -0.687665
   -0.165954   -0.505734
    0.587785   -0.809017
    0.499618   -0.687664
    0.181399   -0.516605
    0.951057    0.309017
    0.050024   -0.137482
   -0.156459   -0.240679
    0.210839   -0.275145
    0.381465   -0.123945
    0.599253   -0.194709
    0.163003    0.506694
    0.450408    0.311319
    0.808398    0.262664
    0.332299    0.098670
  
