72

C      1.369548     -0.310900      4.670185
C      2.654493     -0.592031      4.045485
C      2.570166     -1.929153      3.402182
C      0.478263     -1.472164      4.412481
C      1.242395     -2.484227      3.678985
C     -0.740198     -0.949637      3.801795
C      0.656272      0.904564      4.287092
C     -0.654234      0.510125      3.785551
C      1.339823      1.939262      3.610811
C      3.172100      0.348765      3.053532
C      2.636788      1.653261      2.993507
C      2.960257     -1.770983      2.010976
C      3.386592     -0.387325      1.809520
C      2.117068     -2.319087      1.033663
C      0.605328     -3.231520      2.661419
C      1.242807     -3.359783      1.357415
C     -1.182036     -1.596857      2.640227
C     -0.782607     -2.909723      2.368717
C     -1.919888     -0.891015      1.689306
C     -1.114566      1.140440      2.628240
C     -1.959159      0.487642      1.746494
C      0.610186      2.810697      2.683026
C     -0.636720      2.380880      2.239436
C      2.673120      2.363544      1.713711
C      1.516837      3.240695      1.633372
C      2.985184      0.248393      0.630694
C      2.855512      1.628229      0.547817
C      2.051366     -1.759623     -0.239900
C      2.579001     -0.501335     -0.462150
C      1.345757     -2.370614     -1.265301
C      0.190286     -3.703256      0.398572
C     -1.086307     -3.437995      1.036219
C      0.286634     -3.198613     -0.911430
C     -2.505269     -1.530742      0.606849
C     -1.928753     -2.713602      0.175062
C     -3.550062     -0.932772     -0.104496
C     -2.735838      1.191693      0.830262
C     -3.686686      0.516246      0.053031
C     -1.326288      3.139420      1.288408
C     -2.482968      2.551856      0.613020
C      0.920963      3.435343      0.360108
C     -0.460671      3.704443      0.261025
C      2.756015      2.265426     -0.692669
C      1.693011      3.252996     -0.807654
C      2.565632      0.046341     -1.741383
C      2.726696      1.427680     -1.890301
C      1.604639     -2.033520     -2.597134
C      2.282889     -0.761809     -2.851458
C      0.488672     -2.153937     -3.536226
C     -0.769018     -3.385957     -1.805825
C     -2.039599     -3.096599     -1.168144
C     -0.737339     -2.694047     -3.090983
C     -3.676753     -1.255275     -1.522006
C     -2.828318     -2.246402     -2.060732
C     -1.959004     -1.887161     -3.184460
C     -3.972240      1.095247     -1.254198
C     -3.856171     -0.001858     -2.246516
C     -2.468797      3.008144     -0.765847
C     -1.109507      3.475747     -1.029804
C     -3.136296      2.207651     -1.711630
C      1.017806      3.011801     -2.082221
C      1.827252      2.062310     -2.842420
C     -0.371706      2.837270     -2.036440
C      1.644496     -0.121276     -3.986027
C      0.456606     -0.936197     -4.343844
C      1.195778      1.264916     -3.816454
C     -1.842529     -0.535912     -3.554095
C     -2.826610      0.395258     -3.196697
C     -2.386183      1.747108     -2.873272
C     -1.004649      1.975810     -2.945798
C     -0.709164     -0.076196     -4.237205
C     -0.260103      1.269909     -3.903472
