72

C      0.902262     -0.042270      5.142521
C      2.237528     -0.281846      4.607107
C      2.231099     -1.644442      4.012500
C      0.083258     -1.246330      4.839579
C      0.827629     -2.015888      3.856144
C     -1.259232     -0.782708      4.503630
C      0.153421      1.126819      4.698531
C     -1.244250      0.711317      4.537335
C      0.739313      2.044719      3.796998
C      2.792958      0.629942      3.603061
C      2.082952      1.794304      3.244514
C      3.050743     -1.585228      2.819551
C      3.407365     -0.201827      2.565779
C      2.564694     -2.084100      1.620075
C      0.340878     -2.081117      2.542146
C      1.205498     -2.349684      1.469899
C     -1.832360     -1.149646      3.209867
C     -0.978894     -1.728079      2.245717
C     -1.985079      1.174313      3.371360
C     -2.620158     -0.004412      2.760153
C     -0.076112      2.632523      2.732979
C     -1.319436      2.011243      2.453538
C      2.082542      2.208438      1.838477
C      0.823066      2.915379      1.593584
C      3.268988      0.170253      1.208357
C      2.478882      1.267182      0.857315
C      3.409052     -2.064617      0.523880
C      3.777310     -0.697375      0.206959
C      2.991713     -2.775897     -0.681437
C      0.714804     -2.669908      0.199123
C      1.584106     -3.163990     -0.783174
C     -1.390192     -1.770222      0.903384
C     -0.600923     -2.313551     -0.100176
C     -2.737615      0.015590      1.371303
C     -2.497805     -1.046188      0.543753
C     -1.783453      2.076855      1.146298
C     -2.644800      1.148663      0.636707
C      0.214844      2.696599      0.352705
C     -1.133712      2.753719      0.174290
C      1.958318      1.317470     -0.445569
C      0.879200      2.145231     -0.706994
C      3.400242     -0.501287     -1.190230
C      3.257130     -1.824354     -1.793328
C      2.359515      0.407147     -1.428289
C      1.172246     -2.940386     -2.164411
C      2.147250     -2.021591     -2.722578
C     -1.070457     -2.303820     -1.425725
C     -0.133932     -2.467598     -2.455413
C     -3.140790     -1.220302     -0.688748
C     -2.411745     -1.966628     -1.717393
C     -3.101764      1.242483     -0.682174
C     -3.568614      0.055366     -1.293335
C     -1.730539      3.187840     -1.013932
C     -2.927969      2.441597     -1.406589
C      0.292006      2.244772     -1.974478
C     -0.812714      3.101802     -2.148086
C      1.571906      0.313599     -2.583243
C      1.502657     -0.907780     -3.247906
C      0.691531      1.336247     -2.955583
C     -0.421342     -1.993249     -3.754084
C      0.599445     -1.103488     -4.277383
C     -2.703681     -1.332642     -3.006558
C     -3.412407     -0.068284     -2.742629
C     -1.733805     -1.403439     -4.028231
C     -2.942780      2.380940     -2.863438
C     -1.635213      2.924100     -3.343311
C     -3.136757      1.081949     -3.514544
C      0.102589      1.341745     -4.229109
C     -0.049216      0.042714     -4.884506
C     -1.507758     -0.246653     -4.899537
C     -1.155823      2.048528     -4.409753
C     -2.197611      1.009437     -4.627247
