72

C      1.228249     -0.089470      4.659219
C      2.548283     -0.304408      4.073602
C      2.513840     -1.597060      3.340988
C      0.379943     -1.248389      4.280199
C      1.112601     -2.004340      3.274743
C     -0.919765     -0.693494      3.904792
C      0.490983      1.130175      4.330711
C     -0.877953      0.751993      3.998256
C      1.110110      2.143460      3.580149
C      3.100422      0.699007      3.163974
C      2.439861      1.927858      3.000488
C      3.228045     -1.399283      2.088136
C      3.616269     -0.002273      1.990273
C      2.650963     -1.802620      0.887931
C      0.545822     -2.094555      1.998983
C      1.331142     -2.237910      0.857806
C     -1.522956     -1.132298      2.730161
C     -0.816760     -1.890791      1.806806
C     -2.779182     -0.627528      2.394295
C     -1.546601      1.379845      2.927380
C     -2.756577      0.824219      2.458824
C      0.324320      2.901812      2.609120
C     -0.962500      2.465315      2.264578
C      2.458527      2.564918      1.686781
C      1.209098      3.292320      1.522672
C      3.464661      0.579451      0.711388
C      2.895567      1.849343      0.564878
C      3.347369     -1.568857     -0.292625
C      3.783375     -0.192349     -0.425246
C      2.734666     -1.994989     -1.539422
C      0.735932     -2.619097     -0.340826
C      1.461144     -2.563589     -1.526282
C     -1.409940     -2.277763      0.603159
C     -0.630429     -2.866904     -0.391534
C     -3.390210     -0.997822      1.128083
C     -2.713915     -1.902332      0.315315
C     -3.368416      1.350249      1.234748
C     -3.782936      0.206428      0.422252
C     -1.608483      3.079379      1.182878
C     -2.788911      2.455628      0.589952
C      0.642420      3.362600      0.239459
C     -0.744085      3.535540      0.098514
C      2.670277      2.393601     -0.707302
C      1.458488      3.184909     -0.890080
C      3.395276      0.267189     -1.758908
C      2.756366     -0.859230     -2.446172
C      2.854527      1.557105     -1.892641
C      1.560283     -0.645336     -3.164447
C      0.862714     -2.880146     -2.741717
C      0.863437     -1.764633     -3.666784
C     -1.202322     -3.519625     -1.486309
C     -0.455258     -3.513520     -2.735907
C     -3.288289     -2.263919     -0.900097
C     -2.591370     -3.181852     -1.791919
C     -3.450451      0.150956     -0.946335
C     -3.631475     -1.064199     -1.644806
C     -2.591371      2.429555     -0.858962
C     -1.355553      3.141912     -1.164157
C     -2.843992      1.248007     -1.570626
C      0.846907      2.779935     -2.149186
C      1.687465      1.748794     -2.750345
C      1.011550      0.637177     -3.270533
C     -0.546138      2.598209     -2.174779
C     -2.397497      1.155537     -2.895259
C     -0.263519      0.824575     -3.819537
C     -1.126078      1.804228     -3.178095
C     -0.496563     -1.614592     -4.172872
C     -1.272610     -2.772577     -3.730511
C     -2.593111     -2.563916     -3.143557
C     -3.106835     -1.201762     -3.001588
C     -1.079392     -0.336385     -4.167411
C     -2.409457     -0.131415     -3.584711
