72

C      1.028987     -0.229818      5.274009
C      2.257384     -0.561648      4.568345
C      2.107435     -1.942701      4.034623
C      0.125160     -1.406805      5.194258
C      0.735273     -2.387829      4.306278
C     -1.215937     -0.921619      4.905914
C      0.273170      0.951098      4.875610
C     -1.139985      0.560964      4.795412
C      0.820137      1.863715      3.941693
C      2.719551      0.303066      3.480310
C      2.092538      1.557140      3.264430
C      2.567434     -1.929079      2.660831
C      3.027223     -0.566573      2.343107
C      1.729718     -2.492569      1.685559
C     -0.031344     -2.994569      3.283868
C      0.594043     -3.264665      1.991203
C     -1.934471     -1.436432      3.737142
C     -1.408895     -2.543556      3.020110
C     -1.896272      0.948681      3.622913
C     -2.464118     -0.275526      3.016632
C     -0.060935      2.497315      2.959966
C     -1.282435      1.826350      2.713512
C      2.016444      2.098624      1.896895
C      0.770869      2.871093      1.787431
C      2.656726     -0.083695      1.083062
C      2.206726      1.202018      0.826108
C      1.895851     -2.152298      0.361836
C      2.473235     -0.965841      0.039950
C      1.235197     -2.736768     -0.670634
C     -0.474965     -3.302981      0.968863
C     -1.642647     -2.642327      1.567924
C     -0.085007     -2.809192     -0.298343
C     -2.413518     -0.338949      1.622357
C     -2.040114     -1.465326      0.897927
C     -1.761470      1.878600      1.428099
C     -2.418542      0.818270      0.885498
C      0.083618      2.755666      0.557550
C     -1.270047      2.693735      0.463352
C      1.718870      1.462201     -0.473249
C      0.697589      2.363927     -0.600671
C      2.467452     -0.621524     -1.294747
C      2.019007      0.651602     -1.579029
C      1.701303     -2.723235     -1.985719
C      2.611797     -1.610336     -2.283348
C      0.608919     -2.571540     -2.946584
C     -0.906438     -2.081349     -1.121701
C     -1.847129     -1.303491     -0.493053
C     -0.560253     -1.925021     -2.473780
C     -2.666025      0.922526     -0.474902
C     -2.303104     -0.186633     -1.215067
C     -1.979700      3.119666     -0.676473
C     -2.977059      2.141853     -1.103804
C      0.099310      2.609302     -1.843976
C     -1.118389      3.321648     -1.846196
C      1.586639      0.974147     -2.862289
C      0.597557      1.969397     -2.997834
C      2.379809     -1.210578     -3.671334
C      1.221829     -2.026997     -4.159156
C      2.001040      0.184913     -3.952121
C      0.418585     -1.164646     -5.025644
C      1.138408      0.137416     -5.116980
C     -1.253504     -0.979536     -3.249308
C     -2.152602     -0.103709     -2.605769
C     -0.927293     -0.823363     -4.606116
C     -3.036895      2.180648     -2.565957
C     -1.981736      3.146255     -3.014240
C     -2.760268      0.948100     -3.315243
C     -0.005788      2.208433     -4.242127
C      0.105510      1.165346     -5.259224
C     -1.213203      0.467989     -5.223121
C     -1.400396      2.611261     -4.247413
C     -2.159858      1.369763     -4.567425
