72

C      1.206084     -0.087295      5.312620
C      2.396281     -0.239858      4.485804
C      2.285382     -1.556490      3.794020
C      0.355543     -1.292078      5.105007
C      0.879100     -1.965898      3.926913
C     -1.036430     -0.834473      5.106211
C      0.358151      1.085262      5.137015
C     -1.017844      0.640088      5.319392
C      0.677791      2.068474      4.177316
C      2.709061      0.775664      3.474845
C      1.889517      1.933360      3.353751
C      2.825357     -1.373834      2.454964
C      3.149605      0.048654      2.280020
C      2.032330     -1.743922      1.366966
C      0.110096     -1.923155      2.755861
C      0.709627     -2.098096      1.505594
C     -1.869910     -1.059219      3.926393
C     -1.223109     -1.494129      2.764103
C     -2.075185      1.227285      4.504406
C     -2.758755      0.101744      3.806505
C     -0.382825      2.681895      3.359940
C     -1.732420      2.247759      3.507021
C      1.590910      2.486895      2.026034
C      0.187660      2.944944      2.022886
C      2.701591      0.569142      1.053064
C      1.927803      1.707261      0.908431
C      2.354163     -1.482261      0.068684
C      2.743149     -0.198776     -0.101739
C      1.899132     -2.107156     -1.063654
C     -0.021844     -2.271623      0.322221
C      0.584761     -2.560021     -0.924546
C     -1.820766     -1.267272      1.520372
C     -1.327744     -1.850824      0.339270
C     -3.078952      0.602799      2.465785
C     -2.538861      1.970359      2.320166
C     -2.708970     -0.221008      1.405117
C     -0.598214      2.545538      0.923901
C     -1.914396      2.120542      1.075633
C      1.296502      1.861280     -0.339227
C     -0.004338      2.295115     -0.325760
C      2.653934      0.251359     -1.382057
C      1.806270      1.314902     -1.538790
C      2.541206     -1.907435     -2.289831
C      3.093335     -0.545085     -2.448570
C      1.750611     -2.225210     -3.484206
C     -0.158033     -2.968886     -2.037094
C      0.407761     -2.684758     -3.363803
C     -1.931977     -1.700954     -0.926061
C     -1.553401     -2.495507     -2.023510
C     -2.770625      0.196569      0.108156
C     -2.371565      1.480201     -0.058548
C     -2.724531     -0.570191     -1.050243
C     -0.727602      2.079346     -1.519418
C     -2.038965      1.718749     -1.363069
C      1.219121      1.516676     -2.774862
C     -0.114153      1.925577     -2.760855
C      2.770649     -0.078503     -3.793089
C      2.089983     -1.209899     -4.488284
C      1.872538      1.086215     -3.939294
C      1.035361     -0.635948     -5.314971
C      1.051461      0.840252     -5.113081
C     -0.653860     -2.077384     -4.181591
C     -1.867325     -1.952290     -3.357912
C     -0.338435     -1.089800     -5.138512
C     -3.178184     -0.114442     -2.300897
C     -2.818542      1.298932     -2.447571
C     -2.703468     -0.809326     -3.495264
C     -0.887794      1.956105     -3.926363
C     -0.345510      1.284326     -5.107892
C     -1.194020      0.077471     -5.315911
C     -2.282952      1.532163     -3.794053
C     -2.390321      0.220107     -4.493860
