72

C      1.091766      0.034323      4.778654
C      2.363257     -0.266560      4.123167
C      2.319247     -1.705669      3.744830
C      0.283780     -1.220143      4.740809
C      0.899342     -2.037151      3.717584
C     -1.109957     -0.815520      4.560740
C      0.242993      1.050914      4.196270
C     -1.124844      0.673130      4.543392
C      0.463020      1.428469      2.861502
C      2.705874      0.432114      2.882093
C      1.672017      1.114809      2.218434
C      3.064115     -1.828383      2.505149
C      3.490360     -0.509199      2.094556
C      2.454472     -2.372458      1.381955
C      0.299048     -2.089059      2.450190
C      1.061841     -2.429768      1.323781
C     -1.811286     -1.206812      3.335467
C     -1.029438     -1.670689      2.264823
C     -2.187164      1.063783      3.632260
C     -2.754606     -0.132531      3.050442
C     -0.574390      1.999276      2.113088
C     -1.890226      1.873892      2.548556
C     -0.321355      2.528409      0.848257
C      1.795338      1.367702      0.842709
C      0.823163      2.104780      0.167731
C      3.461119     -0.332962      0.692177
C      2.817271      0.754821      0.113112
C      3.240964     -2.597427      0.258772
C      3.907974     -1.376387     -0.137827
C      2.621079     -3.222546     -0.902353
C      0.451382     -2.645906      0.090516
C      1.163156     -3.259293     -0.950931
C     -1.538414     -1.585225      0.958663
C     -0.821232     -2.108727     -0.116694
C     -3.122557      0.040914      1.697983
C     -2.697511     -0.847118      0.713199
C     -2.944560      2.343048      1.763948
C     -3.742667      1.234563      1.287762
C     -1.266526      3.350912      0.219977
C     -2.651918      3.252597      0.662724
C     -1.269908      3.322819     -1.235497
C      0.926168      2.287397     -1.214320
C     -0.207752      2.704106     -1.906851
C      3.075533      1.115980     -1.214087
C      2.095104      1.949045     -1.909996
C      3.778079     -1.241873     -1.585316
C      3.080978     -2.432786     -2.078643
C      3.449179      0.023860     -2.118890
C      0.763016     -2.881150     -2.297992
C      1.912482     -2.250521     -2.931621
C     -1.309422     -1.963193     -1.417624
C     -0.426044     -2.159558     -2.476574
C     -3.326003     -0.893581     -0.539401
C     -2.609813     -1.504729     -1.660008
C     -4.021521      1.455686     -0.127894
C     -3.448293      2.754005     -0.493637
C     -2.571090      2.823457     -1.656531
C     -3.898134      0.367640     -1.018675
C     -2.817756     -0.664393     -2.835820
C     -2.546797      1.750494     -2.556451
C     -3.338821      0.610737     -2.347509
C     -0.351669      2.383408     -3.260116
C     -1.634704      1.801645     -3.619531
C      1.942110      1.422427     -3.262945
C      2.534874      0.086417     -3.258168
C      1.675322     -0.995155     -3.505698
C      0.715416      1.640043     -3.927845
C     -0.648254     -1.520130     -3.700402
C     -1.832539     -0.675301     -3.847525
C     -1.383793      0.603846     -4.398285
C      0.503087     -0.824557     -4.252395
C      0.087034      0.514994     -4.621218
